340
5.000
50,000,000
20,970,000
3,500,000
1.232
500,000
46,000,000
16,000,000
100,000,000
12,000,000
21,000,000
25,000,000
10,000,000
870
5,450,000
27,000,000
38,000,000
11,500,000
70,000,000
750
520
1.000
25,630,000
8,700,000
8,000,000
6,500,000
850
3 - 5 triệu
7,430,000
3.500
5,000,000
6,000,000
8,600,000
13,000,000
9,837,450
1.400
40 – 50 triệu
4,800,000
2.000
2.800
5,600,000
7,000,000
12,500,000
7,200,000
9,200,000
28,000,000
4,300,000
5,700,000
4,473,000
8,200,000
600
5,400,000
6,800,000
400
7,900,000
1.800
6,300,000
18,000,000
550
17,000,000
23,000,000
7,500,000
13,200,000
85,000,000
36,000,000
6,200,000
1.500
11,300,000
9,000,000
2.300
900
7,800,000
9,500,000
19,000,000
Trên 50 triệu
4,000,000
1.300
1.200
1,000,000
20,000,000
42,000,000
51,000,000
650
2.200
6,600,000
35,000,000
15,200,000
600,000
9,210,000
60,000,000
4,500,000
5,500,000
17,700,000
1.700
4.500
800
1.100
11,650,000
45,000,000
7.000
280
1,500,000
10,500,000
15 – 20 triệu
24,000,000
2,000,000
15,000,000
3,000,000
4.000
380
30,000,000
2.500
22,000,000
430
480
4,700,000
200
8,500,000
700
6.000
7,400,000
Cạnh tranh
500
13,800,000
450
10 – 15 triệu
3.000
2,500,000
1.600
30 – 40 triệu
5,750,000
250
7 – 10 triệu
40,000,000
20 – 30 triệu
860
11,000,000
14,000,000
13,500,000
350
5,200,000
4.800
2.600
5 - 7 triệu
300
6,100,000
